3 36
3 40
4 42
6 43
10 43
12 42
13 40
13 36
12 34
10 33
6 33
4 34
3 36
2 40
2 39
0 39
0 40
2 40
2 37
2 36
0 36
0 37
2 37
3 41
2 41
1 42
1 43
2 43
3 42
3 41
5 44
4 45
3 45
3 44
4 43
5 43
5 44
6 44
6 46
7 46
7 44
6 44
9 44
9 46
10 46
10 44
9 44
11 43
12 43
13 44
13 45
12 45
11 44
11 43
13 41
14 41
15 42
15 43
14 43
13 42
13 41
4 33
5 33
5 32
4 31
3 31
3 32
4 33
12 33
13 32
13 31
12 31
11 32
11 33
12 33
9 32
10 32
10 30
9 30
9 32
2 35
1 34
1 33
2 33
3 34
3 35
2 35
7 32
6 32
6 30
7 30
7 32
16 37
16 36
14 36
14 37
16 37
13 34
13 35
14 35
15 34
15 33
14 33
13 34
14 39
14 40
16 40
16 39
14 39
